0,435
0,434
0,433
0,432
0,431
23,35
0,430
0,429
0,428
0,427
0,426
0,425
35,5
0,424
0,423
0,422
0,421
35,4
0,420
0,419
0,418
35,3
35,2
0,417
35,1
35,0
0,416
0,415
0,414
0,413
0,412
0,411
0,410
0,409
0,408
0,407
0,406
0,405
0,404
0,403
0,402
0,401
0,400
34,4
34,3
34,2
0,399
34,1
34,0
0,398
0,397
33,3
33,2
0,396
33,1
33,0
0,395
0,278
0,394
0,393
0,392
0,391
0,390
0,389
0,388
0,273
0,270
32,4
32,3
32,2
32,1
32,0
31,3
31,2
31,1
31,0
0,387
0,386
0,385
30,4
30,3
30,2
30,1
30,0
0,384
0,319
0,318
29,4
29,3
29,2
29,1
29,0
28,3
28,2
28,1
28,0
0,317
0,316
27,4
27,3
27,2
27,1
27,0
26,3
26,2
26,1
26,0
25,3
25,2
0,283
25,1
25,0
24,3
24,2
0,9
24,1
24,0
3,2
10,76
10,10
10,96
10,188
10,2
10,3
11,14
11,12
11,2
11,3
9,4
9,6
9,2
9,3
8,6
8,7
8,4
8,5
8,2
